13
0 2 1 3 9999 9999 9999 9999 9999 9999 9999 9999 9999
2 0 2 9999 9999 5 5 9999 9999 9999 9999 9999 9999
1 2 0 4 9999 5 9999 9999 9999 9999 9999 9999 9999
3 9999 4 0 5 5 9999 9999 9999 9999 9999 9999 9999 
9999 9999 9999 5 0 6 9999 9999 9999 6 9999 9999 9999 
9999 5 5 5 6 0 6 6 6 6 9999 9999 9999
9999 5 9999 9999 9999 6 0 6 9999 9999 9999 9999 9999 
9999 9999 9999 9999 9999 6 6 0 7 9999 9999 7 7
9999 9999 9999 9999 9999 6 9999 7 0 7 7 9999 9999
9999 9999 9999 9999 6 6 9999 9999 7 0 7 7 9999
9999 9999 9999 9999 9999 9999 9999 9999 7 7 0  9999
9999 9999 9999 9999 9999 9999 9999 7 9999 7 8 0 8
9999 9999 9999 9999 9999 9999 9999 7 9999 9999 9999 8 0